-0.342688535982 0.885771056016 0.313008312399
0.388458023814 -0.919470059602 -0.060623207034
0.752337677293 0.130683071367 -0.645685646568
-0.470143725341 -0.237555694162 -0.850018923138
0.370394529189 0.870576544105 0.323889446572
0.657534446810 0.322069214559 0.681116636335
0.162480369399 0.469001065679 -0.868123337984
0.969060245867 0.244341317835 0.034922203239
-0.276929288287 -0.940879424597 0.195079670028
-0.909535532794 -0.288819345498 0.298878738374
-0.102623732473 0.928969427434 -0.355646133715
-0.530553836339 0.476217143860 -0.701234524706
-0.003440579141 0.544914537442 0.838484531342
0.867433522059 -0.434203965373 -0.242952672886
-0.067151281884 -0.801151643548 -0.594682057390
-0.601059503621 0.165086851515 0.781967905073
0.263607021963 -0.740965176964 0.617642246368
0.823214776808 -0.332763506857 0.459984651646
-0.932586291816 0.005077797922 -0.360911380098
-0.877150409752 0.442152226183 0.187372803663
-0.696045666999 -0.654519511508 -0.295168830515
0.583106186626 0.739607314854 -0.336107415765
0.237138374432 -0.255488217405 -0.937278593663
-0.400926216970 -0.516505528018 0.756624218534
0.173631012317 -0.131531007389 0.975987636016
