0.091504923944 0.493590895367 0.864866970641
-0.469363473673 -0.052024197875 0.881471163690
-0.796883178561 0.457355849736 0.394718667457
0.780661613230 0.314739170525 0.539913604355
0.935064505788 0.234624613192 -0.265717257436
0.373949280130 -0.109283452740 -0.920988090502
-0.318867702276 0.231283639581 -0.919147032040
0.754117821164 -0.523413943209 -0.396666302901
0.351334557390 0.630401989136 -0.692211933498
-0.200889343239 -0.738547433079 0.643576849230
-0.919709050708 -0.309800149005 0.241162040386
-0.467296626161 -0.881843472580 -0.063134404617
0.821509761991 -0.438572923416 0.364383728781
-0.898667265734 0.263414879024 -0.350727454026
0.530666357849 0.846973367886 0.032083184672
0.301197524360 -0.950016170969 0.082154283007
0.048685871603 -0.764248447885 -0.643081640082
0.320419883640 -0.238897331165 0.916656513276
-0.648459322708 -0.409358324176 -0.641814824713
-0.190439413108 0.933025602422 0.305280289504
-0.360825344820 0.825960147051 -0.433122276058
