-0.255557638207 0.855232464088 0.450852221824
0.347359591500 -0.937054105204 0.035649938486
0.782891889353 0.200686603343 -0.588901669910
-0.476841595175 -0.275637611853 -0.834653221430
0.471628649787 0.721300771786 0.507239207199
0.644215590586 0.041613266338 0.763711076855
0.165290089919 0.553318423100 -0.816405480649
0.948568918313 0.289334909686 0.128461345346
-0.303158366358 -0.871455632664 0.385564631685
-0.856766926925 -0.371156569256 0.358040827316
-0.182778856476 0.941832951806 -0.282032942257
-0.559102910144 0.448446921599 -0.697351628934
-0.009095658369 0.346014924216 0.938184918456
0.700572462712 -0.528176783485 -0.479820289147
0.014308543092 -0.791678088565 -0.610770881494
-0.697779223716 0.289373590523 0.655261077783
0.320647083563 -0.623695743739 0.712873808639
0.866249486415 -0.439528476338 0.237542724100
-0.951362194002 -0.050531743992 -0.303902153122
-0.792374460197 0.609998415434 -0.006681915508
-0.636209417148 -0.726079627853 -0.260856189402
0.544407431772 0.807901259265 -0.225645969406
0.247551398134 -0.170766111062 -0.953707104196
-0.332664146854 -0.319294084837 0.887347650465
