-0.859409330642 0.049668654574 0.508869951126
0.599292383513 0.773449919321 -0.206455470659
-0.200010066726 -0.824735455139 -0.528968243135
-0.656755269913 -0.728134352376 0.196196025270
-0.209358056227 -0.086066815931 -0.974043996690
0.602847644820 0.135067709000 -0.786340531272
-0.098603384826 0.959199625739 0.264978207562
-0.117415316937 0.720660952667 -0.683272591760
0.636764542270 -0.645663499073 -0.421484950708
0.999154641215 0.030550987916 -0.027507091390
-0.777609722473 0.613227556843 -0.138834732844
-0.172061775179 0.386856716810 0.905945156277
-0.878221262753 -0.188870018499 -0.439380848195
0.174100910993 -0.955787150789 0.236980579749
0.658074151106 -0.375453837166 0.652665938902
-0.172391563598 -0.474527882127 0.863194322203
0.630466147948 0.485275282012 0.605822034066
