-0.517497888537 -0.610691442897 -0.599376256563
-0.311963347194 0.914810502725 -0.256516303792
-0.742777783949 0.530538791910 0.408423498284
0.075076558931 0.444638569511 -0.892558150936
-0.965949969782 -0.249889921801 0.067049853547
-0.354993545744 -0.061058364378 0.932872691539
0.529061888470 0.848573202005 -0.004127833366
-0.395814862804 -0.798561934461 0.453463814668
-0.739799250320 0.240871889703 -0.628233875222
0.378401465186 -0.519119770398 0.766372621592
0.064019864419 0.685172643785 0.725561785907
0.797414875349 0.227111237765 0.559061715960
0.297377920714 -0.406924763090 -0.863700532277
0.876024809614 -0.480527524366 0.040912483017
0.832702944117 0.199878654257 -0.516385834848
0.178716321529 -0.964821770269 -0.192819677509
