-0.283287612693 -0.318011156952 -0.904774575543
0.899256019967 -0.288731939062 -0.328591658323
-0.823555850817 -0.334589298767 -0.458045589145
0.914505183700 -0.138303099362 0.380200633472
-0.186442726169 0.969418996092 0.159580449540
0.524957974551 0.240414455078 0.816468012077
-0.708322947304 -0.175622224674 0.683692501438
-0.063958704534 0.619550436794 0.782346815922
0.000357471560 -0.989718653530 0.143027476619
-0.750111295859 0.643894174876 -0.150775778514
0.474176583150 0.790836220807 0.386955604497
0.411675938203 -0.287504299984 -0.864791419590
0.905729820436 0.423535374375 -0.016470550236
-0.346632656596 -0.831788648965 -0.433559044230
0.681878334837 0.313117613240 -0.661059223337
-0.211000399878 0.810101894705 -0.547004343170
0.348925150536 -0.826377855852 -0.441985156630
0.429642836365 0.851655480266 -0.300149922695
-0.095188045446 -0.043407951199 0.994512436210
-0.689772954334 0.500891491527 0.522801095242
0.432388258196 -0.457239900982 0.777156398111
0.649012426375 -0.740436700570 0.174746567519
-0.623953415513 0.274307786005 -0.731735863414
-0.994882460292 0.040015155783 0.092777570085
-0.227665850066 -0.669256075569 0.707293832878
-0.712811682175 -0.680687052726 0.169010774820
0.045081206964 0.303933539349 -0.951626023413
