-0.637573026208 -0.695666015120 0.330982524704
0.637573018196 0.695666010392 -0.330982550074
0.044011222367 -0.461818915444 -0.885881652166
-0.628417052774 -0.617663761417 -0.472846154278
-0.536664979160 0.092827183818 -0.838673842496
0.758471605642 -0.207375653140 -0.617831823330
0.067101730061 0.984430746071 0.162460653737
-0.290823184299 0.794882164015 -0.532526263019
0.746995739341 -0.663320337974 0.044760413725
0.990941114988 0.102004516364 0.087354366043
-0.688093248656 0.707437594232 0.161430267984
-0.210330760181 0.570493154156 0.793913428771
-0.984258292516 0.038264143446 -0.172544107230
0.131689530436 -0.835538485672 0.533416635038
0.644082026289 -0.245618678787 0.724451384181
-0.120930867235 -0.209197500591 0.970367008454
0.572504240982 0.547420519978 0.610384852666
0.230834531778 0.319879240618 -0.918908423272
0.065036497425 -0.963993673709 -0.257849667542
-0.792149854491 0.046887744035 0.608522922731
