-0.527836204462 -0.634397415928 -0.564737868328
-0.408490766826 0.891514455929 -0.195799050781
-0.655525830988 0.490469702482 0.574217167851
0.262565080109 0.623241877773 -0.736633654198
-0.996704669658 -0.044416357624 -0.067874801339
-0.465119843766 -0.360156250013 0.808672372789
0.441996428960 0.890657470904 0.106622822652
-0.179751458528 -0.963060065735 0.200511154161
-0.550593820415 0.236618954729 -0.800536017419
0.415891737630 -0.540723818613 0.731198888508
0.143116072169 0.292628233837 0.945455713743
0.881131522813 0.175524373717 0.439088184465
0.194140774272 -0.251608997713 -0.948157303423
0.640854622918 -0.758954516752 -0.115296980816
0.890472737992 0.039948949534 -0.453279587368
