-0.857003065928 -0.245975063907 0.452815650046
0.608374049994 0.743085914519 -0.278754980112
0.083958646208 -0.827340863669 -0.555389990034
-0.677265709614 -0.699226375642 -0.228896557830
-0.392958526402 -0.225604746061 -0.891451678490
0.666705048550 -0.243657909240 -0.704368654543
-0.022574326977 0.974801120995 0.221930561818
-0.451289541416 0.761139082526 -0.465838004954
0.691211580436 -0.722540707473 0.012707364602
0.998351734631 0.057244400824 0.004110052704
-0.752595901262 0.575080449545 0.320752063055
-0.148954006757 0.438992683792 0.886057632126
-0.936967418376 0.090215845343 -0.337569486403
-0.066461512098 -0.956473832768 0.284149035963
0.641587543075 -0.271506100062 0.717391010677
-0.166020173063 -0.398821349561 0.901875176103
0.615881401039 0.551766114121 0.562355986153
0.166020164376 0.398821372341 -0.901875167628
