0.459575135645 0.735110290304 -0.498400998982
0.941979018385 0.050061701557 0.331917693050
-0.357458351602 -0.606058368360 0.710574965089
0.909835298096 0.306688776020 -0.279538414180
-0.615009690362 0.015476804492 -0.788367648552
-0.639569614624 -0.585420658975 -0.498230228001
-0.031049749147 -0.831945905250 -0.553987295717
0.149138707647 -0.900153254555 0.409245359406
-0.058880520527 -0.297258110992 -0.952979905219
-0.753523702876 0.526382021520 -0.393857838090
-0.189095205874 0.849657541798 -0.492265238242
0.491268605763 -0.857811555616 -0.151044669035
-0.478075881887 0.872227717628 0.103258218846
0.518518914363 -0.489685427831 -0.700960995504
-0.702549721676 -0.044727945862 0.710227639163
0.268442516678 -0.429635247834 0.862178733824
-0.826319583079 -0.506404957402 0.246475081373
0.529540214499 0.182104381600 0.828507788395
0.720696750110 -0.565611275949 0.400849197206
-0.451714568724 0.569518720426 0.686733118094
0.708185042825 0.660398996989 0.249694032559
-0.068075436340 0.369360139801 -0.926789524160
0.188148362756 0.724887333182 0.662675295891
-0.111851779552 0.093227784292 0.989342084239
0.916548110683 -0.348239927719 -0.196643112122
0.550312474692 0.157596022936 -0.819951019118
-0.896913996239 0.373052883705 0.237438053626
0.170331257679 0.984143437440 0.049486939699
-0.968826976352 -0.079399415206 -0.234670029527
-0.373606066475 -0.927543000421 0.009082371020
